array([[[0.        ],
        [0.        ],
        [0.        ],
        [0.        ],
        [0.        ],
        [0.        ],
        [0.        ],
        [0.        ],
        [0.        ],
        [0.        ],
        [0.        ],
        [0.        ],
        [0.        ],
        [0.        ],
        [0.        ],
        [0.        ],
        [0.        ],
        [0.        ],
        [0.        ],
        [0.        ],
        [0.        ],
        [0.        ],
        [0.        ],
        [0.        ],
        [0.        ],
        [0.        ],
        [0.        ],
        [0.        ]],

       [[0.        ],
        [0.        ],
        [0.        ],
        [0.        ],
        [0.        ],
        [0.        ],
        [0.        ],
        [0.        ],
        [0.        ],
        [0.        ],
        [0.        ],
        [0.        ],
        [0.        ],
        [0.        ],
        [0.        ],
        [0.        ],
        [0.        ],
        [0.        ],
        [0.        ],
        [0.        ],
        [0.        ],
        [0.        ],
        [0.        ],
        [0.        ],
        [0.        ],
        [0.        ],
        [0.        ],
        [0.        ]],

       [[0.        ],
        [0.        ],
        [0.        ],
        [0.        ],
        [0.        ],
        [0.        ],
        [0.        ],
        [0.        ],
        [0.        ],
        [0.        ],
        [0.        ],
        [0.        ],
        [0.        ],
        [0.        ],
        [0.        ],
        [0.        ],
        [0.        ],
        [0.        ],
        [0.        ],
        [0.        ],
        [0.        ],
        [0.        ],
        [0.        ],
        [0.        ],
        [0.        ],
        [0.        ],
        [0.        ],
        [0.        ]],

       [[0.        ],
        [0.        ],
        [0.        ],
        [0.        ],
        [0.        ],
        [0.        ],
        [0.        ],
        [0.        ],
        [0.        ],
        [0.        ],
        [0.        ],
        [0.        ],
        [0.        ],
        [0.        ],
        [0.        ],
        [0.        ],
        [0.        ],
        [0.        ],
        [0.        ],
        [0.        ],
        [0.        ],
        [0.        ],
        [0.        ],
        [0.        ],
        [0.        ],
        [0.        ],
        [0.        ],
        [0.        ]],

       [[0.        ],
        [0.        ],
        [0.        ],
        [0.        ],
        [0.        ],
        [0.        ],
        [0.        ],
        [0.        ],
        [0.        ],
        [0.        ],
        [0.01568628],
        [0.20784314],
        [0.3882353 ],
        [0.41960785],
        [0.46666667],
        [0.46666667],
        [0.53333336],
        [0.53333336],
        [0.5764706 ],
        [0.4117647 ],
        [0.11764706],
        [0.        ],
        [0.        ],
        [0.        ],
        [0.        ],
        [0.        ],
        [0.        ],
        [0.        ]],

       [[0.        ],
        [0.        ],
        [0.        ],
        [0.        ],
        [0.        ],
        [0.        ],
        [0.00392157],
        [0.26666668],
        [0.5137255 ],
        [0.7490196 ],
        [0.9607843 ],
        [1.        ],
        [1.        ],
        [1.        ],
        [1.        ],
        [1.        ],
        [0.99215686],
        [0.99215686],
        [0.9843137 ],
        [1.        ],
        [1.        ],
        [0.8117647 ],
        [0.50980395],
        [0.09411765],
        [0.        ],
        [0.        ],
        [0.        ],
        [0.        ]],

       [[0.        ],
        [0.        ],
        [0.        ],
        [0.        ],
        [0.        ],
        [0.28235295],
        [0.8039216 ],
        [1.        ],
        [0.9843137 ],
        [0.93333334],
        [0.9372549 ],
        [0.99607843],
        [1.        ],
        [1.        ],
        [0.972549  ],
        [0.81960785],
        [0.6627451 ],
        [0.6       ],
        [0.8980392 ],
        [0.9137255 ],
        [0.52156866],
        [0.7254902 ],
        [0.9764706 ],
        [0.9607843 ],
        [0.53333336],
        [0.04313726],
        [0.        ],
        [0.        ]],

       [[0.        ],
        [0.        ],
        [0.        ],
        [0.21568628],
        [0.75686276],
        [1.        ],
        [0.95686275],
        [0.99607843],
        [0.9647059 ],
        [0.7882353 ],
        [0.62352943],
        [0.46666667],
        [0.30588236],
        [0.14117648],
        [0.01176471],
        [0.        ],
        [0.        ],
        [0.        ],
        [0.13725491],
        [0.8745098 ],
        [0.92156863],
        [0.12941177],
        [0.11372549],
        [0.6039216 ],
        [0.9843137 ],
        [0.7294118 ],
        [0.01960784],
        [0.        ]],

       [[0.        ],
        [0.00392157],
        [0.47843137],
        [0.9882353 ],
        [0.96862745],
        [1.        ],
        [0.8745098 ],
        [0.45882353],
        [0.07058824],
        [0.        ],
        [0.        ],
        [0.        ],
        [0.        ],
        [0.        ],
        [0.        ],
        [0.        ],
        [0.        ],
        [0.        ],
        [0.        ],
        [0.25882354],
        [1.        ],
        [0.37254903],
        [0.        ],
        [0.        ],
        [0.3529412 ],
        [1.        ],
        [0.34901962],
        [0.        ]],

       [[0.        ],
        [0.30980393],
        [1.        ],
        [0.99215686],
        [0.91764706],
        [0.38039216],
        [0.15294118],
        [0.02745098],
        [0.        ],
        [0.        ],
        [0.        ],
        [0.        ],
        [0.        ],
        [0.        ],
        [0.        ],
        [0.        ],
        [0.34117648],
        [0.73333335],
        [0.6627451 ],
        [0.93333334],
        [0.91764706],
        [0.16078432],
        [0.        ],
        [0.01960784],
        [0.27058825],
        [1.        ],
        [0.43137255],
        [0.        ]],

       [[0.        ],
        [0.34509805],
        [1.        ],
        [0.7529412 ],
        [0.5137255 ],
        [0.8235294 ],
        [1.        ],
        [0.48235294],
        [0.        ],
        [0.        ],
        [0.        ],
        [0.        ],
        [0.        ],
        [0.        ],
        [0.        ],
        [0.        ],
        [0.73333335],
        [0.9882353 ],
        [1.        ],
        [1.        ],
        [1.        ],
        [0.94509804],
        [0.8901961 ],
        [0.9764706 ],
        [1.        ],
        [0.8509804 ],
        [0.11764706],
        [0.        ]],

       [[0.        ],
        [0.00784314],
        [0.7529412 ],
        [1.        ],
        [0.99215686],
        [0.7372549 ],
        [0.91764706],
        [0.627451  ],
        [0.        ],
        [0.        ],
        [0.        ],
        [0.        ],
        [0.        ],
        [0.        ],
        [0.        ],
        [0.        ],
        [0.7254902 ],
        [0.90588236],
        [0.9411765 ],
        [0.4117647 ],
        [0.46666667],
        [0.5294118 ],
        [0.58431375],
        [0.49803922],
        [0.30980393],
        [0.04313726],
        [0.        ],
        [0.        ]],

       [[0.        ],
        [0.        ],
        [0.00784314],
        [0.06666667],
        [0.04313726],
        [0.        ],
        [0.73333335],
        [0.74509805],
        [0.        ],
        [0.        ],
        [0.        ],
        [0.        ],
        [0.        ],
        [0.        ],
        [0.        ],
        [0.        ],
        [0.7058824 ],
        [0.8784314 ],
        [0.9882353 ],
        [0.02352941],
        [0.        ],
        [0.        ],
        [0.        ],
        [0.        ],
        [0.        ],
        [0.        ],
        [0.        ],
        [0.        ]],

       [[0.        ],
        [0.        ],
        [0.        ],
        [0.        ],
        [0.        ],
        [0.        ],
        [0.6156863 ],
        [0.8627451 ],
        [0.        ],
        [0.        ],
        [0.        ],
        [0.        ],
        [0.        ],
        [0.        ],
        [0.        ],
        [0.        ],
        [0.6901961 ],
        [0.85882354],
        [1.        ],
        [0.14901961],
        [0.        ],
        [0.        ],
        [0.        ],
        [0.        ],
        [0.        ],
        [0.        ],
        [0.        ],
        [0.        ]],

       [[0.        ],
        [0.        ],
        [0.        ],
        [0.        ],
        [0.        ],
        [0.        ],
        [0.5019608 ],
        [0.9764706 ],
        [0.00784314],
        [0.        ],
        [0.        ],
        [0.        ],
        [0.        ],
        [0.        ],
        [0.        ],
        [0.        ],
        [0.67058825],
        [0.84313726],
        [1.        ],
        [0.28627452],
        [0.        ],
        [0.        ],
        [0.        ],
        [0.        ],
        [0.        ],
        [0.        ],
        [0.        ],
        [0.        ]],

       [[0.        ],
        [0.        ],
        [0.        ],
        [0.        ],
        [0.        ],
        [0.        ],
        [0.38039216],
        [1.        ],
        [0.10196079],
        [0.        ],
        [0.        ],
        [0.        ],
        [0.        ],
        [0.        ],
        [0.        ],
        [0.        ],
        [0.7058824 ],
        [0.8156863 ],
        [1.        ],
        [0.3882353 ],
        [0.        ],
        [0.        ],
        [0.        ],
        [0.        ],
        [0.        ],
        [0.        ],
        [0.        ],
        [0.        ]],

       [[0.        ],
        [0.        ],
        [0.        ],
        [0.        ],
        [0.        ],
        [0.        ],
        [0.2627451 ],
        [1.        ],
        [0.21960784],
        [0.        ],
        [0.        ],
        [0.        ],
        [0.        ],
        [0.        ],
        [0.        ],
        [0.01176471],
        [0.93333334],
        [0.6039216 ],
        [1.        ],
        [0.39215687],
        [0.        ],
        [0.        ],
        [0.        ],
        [0.        ],
        [0.        ],
        [0.        ],
        [0.        ],
        [0.        ]],

       [[0.        ],
        [0.        ],
        [0.        ],
        [0.        ],
        [0.        ],
        [0.        ],
        [0.14509805],
        [1.        ],
        [0.3372549 ],
        [0.09019608],
        [0.05098039],
        [0.        ],
        [0.        ],
        [0.        ],
        [0.        ],
        [0.24705882],
        [1.        ],
        [0.36078432],
        [1.        ],
        [0.39215687],
        [0.        ],
        [0.        ],
        [0.        ],
        [0.        ],
        [0.        ],
        [0.        ],
        [0.        ],
        [0.        ]],

       [[0.        ],
        [0.        ],
        [0.        ],
        [0.        ],
        [0.        ],
        [0.        ],
        [0.02745098],
        [0.99607843],
        [0.45882353],
        [0.7921569 ],
        [0.59607846],
        [0.        ],
        [0.        ],
        [0.06666667],
        [0.4       ],
        [0.84705883],
        [0.8980392 ],
        [0.1882353 ],
        [1.        ],
        [0.3372549 ],
        [0.        ],
        [0.        ],
        [0.        ],
        [0.        ],
        [0.        ],
        [0.        ],
        [0.        ],
        [0.        ]],

       [[0.        ],
        [0.        ],
        [0.        ],
        [0.        ],
        [0.        ],
        [0.        ],
        [0.        ],
        [0.9098039 ],
        [0.57254905],
        [0.8235294 ],
        [0.9019608 ],
        [0.7882353 ],
        [0.9019608 ],
        [0.99607843],
        [1.        ],
        [0.8039216 ],
        [0.25882354],
        [0.33333334],
        [1.        ],
        [0.16470589],
        [0.        ],
        [0.        ],
        [0.        ],
        [0.        ],
        [0.        ],
        [0.        ],
        [0.        ],
        [0.        ]],

       [[0.        ],
        [0.        ],
        [0.        ],
        [0.        ],
        [0.        ],
        [0.        ],
        [0.        ],
        [0.79607844],
        [0.6862745 ],
        [0.31764707],
        [0.7647059 ],
        [0.69411767],
        [0.57254905],
        [0.4509804 ],
        [0.16470589],
        [0.        ],
        [0.08235294],
        [0.60784316],
        [0.9764706 ],
        [0.01960784],
        [0.        ],
        [0.        ],
        [0.        ],
        [0.        ],
        [0.        ],
        [0.        ],
        [0.        ],
        [0.        ]],

       [[0.        ],
        [0.        ],
        [0.        ],
        [0.        ],
        [0.        ],
        [0.        ],
        [0.3372549 ],
        [0.89411765],
        [0.88235295],
        [0.61960787],
        [0.6666667 ],
        [0.68235296],
        [0.73333335],
        [0.7490196 ],
        [0.8       ],
        [0.8666667 ],
        [1.        ],
        [1.        ],
        [0.64705884],
        [0.        ],
        [0.        ],
        [0.        ],
        [0.        ],
        [0.        ],
        [0.        ],
        [0.        ],
        [0.        ],
        [0.        ]],

       [[0.        ],
        [0.        ],
        [0.        ],
        [0.        ],
        [0.        ],
        [0.        ],
        [0.6784314 ],
        [0.9843137 ],
        [0.9607843 ],
        [0.8666667 ],
        [0.8039216 ],
        [0.8       ],
        [0.7411765 ],
        [0.73333335],
        [0.6745098 ],
        [0.62352943],
        [0.42352942],
        [0.21176471],
        [0.01568628],
        [0.        ],
        [0.        ],
        [0.        ],
        [0.        ],
        [0.        ],
        [0.        ],
        [0.        ],
        [0.        ],
        [0.        ]],

       [[0.        ],
        [0.        ],
        [0.        ],
        [0.        ],
        [0.        ],
        [0.        ],
        [0.        ],
        [0.38039216],
        [0.3372549 ],
        [0.        ],
        [0.        ],
        [0.        ],
        [0.        ],
        [0.        ],
        [0.        ],
        [0.        ],
        [0.        ],
        [0.        ],
        [0.        ],
        [0.        ],
        [0.        ],
        [0.        ],
        [0.        ],
        [0.        ],
        [0.        ],
        [0.        ],
        [0.        ],
        [0.        ]],

       [[0.        ],
        [0.        ],
        [0.        ],
        [0.        ],
        [0.        ],
        [0.        ],
        [0.        ],
        [0.        ],
        [0.        ],
        [0.        ],
        [0.        ],
        [0.        ],
        [0.        ],
        [0.        ],
        [0.        ],
        [0.        ],
        [0.        ],
        [0.        ],
        [0.        ],
        [0.        ],
        [0.        ],
        [0.        ],
        [0.        ],
        [0.        ],
        [0.        ],
        [0.        ],
        [0.        ],
        [0.        ]],

       [[0.        ],
        [0.        ],
        [0.        ],
        [0.        ],
        [0.        ],
        [0.        ],
        [0.        ],
        [0.        ],
        [0.        ],
        [0.        ],
        [0.        ],
        [0.        ],
        [0.        ],
        [0.        ],
        [0.        ],
        [0.        ],
        [0.        ],
        [0.        ],
        [0.        ],
        [0.        ],
        [0.        ],
        [0.        ],
        [0.        ],
        [0.        ],
        [0.        ],
        [0.        ],
        [0.        ],
        [0.        ]],

       [[0.        ],
        [0.        ],
        [0.        ],
        [0.        ],
        [0.        ],
        [0.        ],
        [0.        ],
        [0.        ],
        [0.        ],
        [0.        ],
        [0.        ],
        [0.        ],
        [0.        ],
        [0.        ],
        [0.        ],
        [0.        ],
        [0.        ],
        [0.        ],
        [0.        ],
        [0.        ],
        [0.        ],
        [0.        ],
        [0.        ],
        [0.        ],
        [0.        ],
        [0.        ],
        [0.        ],
        [0.        ]],

       [[0.        ],
        [0.        ],
        [0.        ],
        [0.        ],
        [0.        ],
        [0.        ],
        [0.        ],
        [0.        ],
        [0.        ],
        [0.        ],
        [0.        ],
        [0.        ],
        [0.        ],
        [0.        ],
        [0.        ],
        [0.        ],
        [0.        ],
        [0.        ],
        [0.        ],
        [0.        ],
        [0.        ],
        [0.        ],
        [0.        ],
        [0.        ],
        [0.        ],
        [0.        ],
        [0.        ],
        [0.        ]]], dtype=float32)

array([[[0.        ],
        [0.        ],
        [0.        ],
        [0.        ],
        [0.        ],
        [0.        ],
        [0.        ],
        [0.        ],
        [0.        ],
        [0.        ],
        [0.        ],
        [0.        ],
        [0.        ],
        [0.        ],
        [0.        ],
        [0.        ],
        [0.        ],
        [0.        ],
        [0.        ],
        [0.        ],
        [0.        ],
        [0.        ],
        [0.        ],
        [0.        ],
        [0.        ],
        [0.        ],
        [0.        ],
        [0.        ]],

       [[0.        ],
        [0.        ],
        [0.        ],
        [0.        ],
        [0.        ],
        [0.        ],
        [0.        ],
        [0.        ],
        [0.        ],
        [0.        ],
        [0.        ],
        [0.        ],
        [0.16470589],
        [0.41568628],
        [0.16470589],
        [0.        ],
        [0.        ],
        [0.        ],
        [0.        ],
        [0.        ],
        [0.        ],
        [0.        ],
        [0.        ],
        [0.        ],
        [0.        ],
        [0.        ],
        [0.        ],
        [0.        ]],

       [[0.        ],
        [0.        ],
        [0.        ],
        [0.        ],
        [0.        ],
        [0.        ],
        [0.        ],
        [0.        ],
        [0.        ],
        [0.        ],
        [0.        ],
        [0.01568628],
        [0.8392157 ],
        [1.        ],
        [0.98039216],
        [0.3764706 ],
        [0.        ],
        [0.        ],
        [0.        ],
        [0.        ],
        [0.        ],
        [0.        ],
        [0.        ],
        [0.        ],
        [0.        ],
        [0.        ],
        [0.        ],
        [0.        ]],

       [[0.        ],
        [0.        ],
        [0.        ],
        [0.        ],
        [0.        ],
        [0.        ],
        [0.        ],
        [0.        ],
        [0.        ],
        [0.        ],
        [0.        ],
        [0.3882353 ],
        [1.        ],
        [0.34509805],
        [0.7254902 ],
        [0.94509804],
        [0.04705882],
        [0.        ],
        [0.        ],
        [0.        ],
        [0.        ],
        [0.        ],
        [0.        ],
        [0.        ],
        [0.        ],
        [0.        ],
        [0.        ],
        [0.        ]],

       [[0.        ],
        [0.        ],
        [0.        ],
        [0.        ],
        [0.        ],
        [0.        ],
        [0.        ],
        [0.        ],
        [0.        ],
        [0.        ],
        [0.        ],
        [0.6901961 ],
        [0.83137256],
        [0.        ],
        [0.21568628],
        [1.        ],
        [0.3137255 ],
        [0.        ],
        [0.        ],
        [0.        ],
        [0.        ],
        [0.        ],
        [0.        ],
        [0.        ],
        [0.        ],
        [0.        ],
        [0.        ],
        [0.        ]],

       [[0.        ],
        [0.        ],
        [0.        ],
        [0.        ],
        [0.        ],
        [0.        ],
        [0.        ],
        [0.        ],
        [0.        ],
        [0.        ],
        [0.        ],
        [0.88235295],
        [0.6117647 ],
        [0.        ],
        [0.01960784],
        [0.96862745],
        [0.5137255 ],
        [0.        ],
        [0.        ],
        [0.        ],
        [0.        ],
        [0.        ],
        [0.        ],
        [0.        ],
        [0.        ],
        [0.        ],
        [0.        ],
        [0.        ]],

       [[0.        ],
        [0.        ],
        [0.        ],
        [0.        ],
        [0.        ],
        [0.        ],
        [0.        ],
        [0.        ],
        [0.        ],
        [0.        ],
        [0.        ],
        [0.8901961 ],
        [0.58431375],
        [0.        ],
        [0.        ],
        [0.84705883],
        [0.63529414],
        [0.        ],
        [0.        ],
        [0.        ],
        [0.        ],
        [0.        ],
        [0.        ],
        [0.        ],
        [0.        ],
        [0.        ],
        [0.        ],
        [0.        ]],

       [[0.        ],
        [0.        ],
        [0.        ],
        [0.        ],
        [0.        ],
        [0.        ],
        [0.        ],
        [0.        ],
        [0.        ],
        [0.        ],
        [0.        ],
        [0.88235295],
        [0.59607846],
        [0.        ],
        [0.        ],
        [0.81960785],
        [0.65882355],
        [0.        ],
        [0.        ],
        [0.        ],
        [0.        ],
        [0.        ],
        [0.        ],
        [0.        ],
        [0.        ],
        [0.        ],
        [0.        ],
        [0.        ]],

       [[0.        ],
        [0.        ],
        [0.        ],
        [0.15686275],
        [0.6745098 ],
        [0.2509804 ],
        [0.        ],
        [0.        ],
        [0.        ],
        [0.        ],
        [0.        ],
        [0.87058824],
        [0.60784316],
        [0.        ],
        [0.        ],
        [0.7921569 ],
        [0.6862745 ],
        [0.        ],
        [0.        ],
        [0.        ],
        [0.        ],
        [0.        ],
        [0.        ],
        [0.        ],
        [0.        ],
        [0.        ],
        [0.        ],
        [0.        ]],

       [[0.        ],
        [0.        ],
        [0.        ],
        [0.43137255],
        [1.        ],
        [1.        ],
        [0.7137255 ],
        [0.17254902],
        [0.        ],
        [0.        ],
        [0.        ],
        [0.85882354],
        [0.61960787],
        [0.        ],
        [0.        ],
        [0.76862746],
        [0.70980394],
        [0.        ],
        [0.        ],
        [0.        ],
        [0.        ],
        [0.        ],
        [0.        ],
        [0.        ],
        [0.        ],
        [0.        ],
        [0.        ],
        [0.        ]],

       [[0.        ],
        [0.        ],
        [0.        ],
        [0.38039216],
        [1.        ],
        [0.52156866],
        [0.9098039 ],
        [0.9764706 ],
        [0.49411765],
        [0.01960784],
        [0.        ],
        [0.84705883],
        [0.627451  ],
        [0.        ],
        [0.        ],
        [0.7411765 ],
        [0.7372549 ],
        [0.        ],
        [0.        ],
        [0.        ],
        [0.        ],
        [0.        ],
        [0.        ],
        [0.        ],
        [0.        ],
        [0.        ],
        [0.        ],
        [0.        ]],

       [[0.        ],
        [0.        ],
        [0.        ],
        [0.14901961],
        [0.99607843],
        [0.4392157 ],
        [0.05882353],
        [0.6156863 ],
        [1.        ],
        [0.80784315],
        [0.18039216],
        [0.8352941 ],
        [0.6392157 ],
        [0.        ],
        [0.        ],
        [0.7176471 ],
        [0.7607843 ],
        [0.        ],
        [0.        ],
        [0.        ],
        [0.        ],
        [0.        ],
        [0.        ],
        [0.        ],
        [0.        ],
        [0.        ],
        [0.        ],
        [0.        ]],

       [[0.        ],
        [0.        ],
        [0.        ],
        [0.        ],
        [0.73333335],
        [0.88235295],
        [0.02745098],
        [0.        ],
        [0.28235295],
        [0.8862745 ],
        [0.9764706 ],
        [0.9607843 ],
        [0.6509804 ],
        [0.        ],
        [0.        ],
        [0.6901961 ],
        [0.78431374],
        [0.        ],
        [0.        ],
        [0.        ],
        [0.        ],
        [0.        ],
        [0.        ],
        [0.        ],
        [0.        ],
        [0.        ],
        [0.        ],
        [0.        ]],

       [[0.        ],
        [0.        ],
        [0.        ],
        [0.        ],
        [0.23137255],
        [1.        ],
        [0.42745098],
        [0.        ],
        [0.        ],
        [0.05882353],
        [0.6117647 ],
        [0.99607843],
        [0.64705884],
        [0.        ],
        [0.        ],
        [0.68235296],
        [0.8       ],
        [0.        ],
        [0.        ],
        [0.        ],
        [0.        ],
        [0.        ],
        [0.        ],
        [0.        ],
        [0.        ],
        [0.        ],
        [0.        ],
        [0.        ]],

       [[0.        ],
        [0.        ],
        [0.        ],
        [0.        ],
        [0.        ],
        [0.70980394],
        [0.9137255 ],
        [0.09019608],
        [0.        ],
        [0.        ],
        [0.        ],
        [0.23921569],
        [0.15294118],
        [0.        ],
        [0.        ],
        [0.78431374],
        [0.69803923],
        [0.        ],
        [0.        ],
        [0.        ],
        [0.23137255],
        [0.6156863 ],
        [0.7137255 ],
        [0.4745098 ],
        [0.        ],
        [0.        ],
        [0.        ],
        [0.        ]],

       [[0.        ],
        [0.        ],
        [0.        ],
        [0.        ],
        [0.        ],
        [0.14509805],
        [0.9490196 ],
        [0.7921569 ],
        [0.11764706],
        [0.        ],
        [0.        ],
        [0.        ],
        [0.        ],
        [0.        ],
        [0.        ],
        [0.9137255 ],
        [0.57254905],
        [0.        ],
        [0.00392157],
        [0.4745098 ],
        [0.9843137 ],
        [0.9098039 ],
        [0.8117647 ],
        [1.        ],
        [0.34901962],
        [0.        ],
        [0.        ],
        [0.        ]],

       [[0.        ],
        [0.        ],
        [0.        ],
        [0.        ],
        [0.        ],
        [0.        ],
        [0.2784314 ],
        [0.92941177],
        [0.92941177],
        [0.49019608],
        [0.20784314],
        [0.00784314],
        [0.        ],
        [0.        ],
        [0.04313726],
        [1.        ],
        [0.44313726],
        [0.        ],
        [0.5803922 ],
        [1.        ],
        [0.61960787],
        [0.03921569],
        [0.3372549 ],
        [1.        ],
        [0.21960784],
        [0.        ],
        [0.        ],
        [0.        ]],

       [[0.        ],
        [0.        ],
        [0.        ],
        [0.        ],
        [0.        ],
        [0.        ],
        [0.        ],
        [0.11764706],
        [0.7137255 ],
        [0.9843137 ],
        [1.        ],
        [0.92156863],
        [0.49803922],
        [0.        ],
        [0.16862746],
        [1.        ],
        [0.3137255 ],
        [0.49019608],
        [1.        ],
        [0.5019608 ],
        [0.        ],
        [0.00392157],
        [0.7372549 ],
        [0.87058824],
        [0.00392157],
        [0.        ],
        [0.        ],
        [0.        ]],

       [[0.        ],
        [0.        ],
        [0.        ],
        [0.        ],
        [0.        ],
        [0.        ],
        [0.        ],
        [0.        ],
        [0.        ],
        [0.0627451 ],
        [0.3254902 ],
        [0.83137256],
        [0.827451  ],
        [0.        ],
        [0.19215687],
        [1.        ],
        [0.67058825],
        [1.        ],
        [0.5882353 ],
        [0.        ],
        [0.        ],
        [0.43529412],
        [1.        ],
        [0.3882353 ],
        [0.        ],
        [0.        ],
        [0.        ],
        [0.        ]],

       [[0.        ],
        [0.        ],
        [0.        ],
        [0.        ],
        [0.        ],
        [0.        ],
        [0.        ],
        [0.        ],
        [0.        ],
        [0.        ],
        [0.        ],
        [0.69411767],
        [0.7764706 ],
        [0.        ],
        [0.15294118],
        [1.        ],
        [1.        ],
        [0.6666667 ],
        [0.00784314],
        [0.        ],
        [0.30588236],
        [0.9764706 ],
        [0.65882355],
        [0.        ],
        [0.        ],
        [0.        ],
        [0.        ],
        [0.        ]],

       [[0.        ],
        [0.        ],
        [0.        ],
        [0.        ],
        [0.        ],
        [0.        ],
        [0.        ],
        [0.        ],
        [0.        ],
        [0.        ],
        [0.        ],
        [0.7411765 ],
        [0.7294118 ],
        [0.        ],
        [0.05490196],
        [0.8627451 ],
        [0.5411765 ],
        [0.07843138],
        [0.34117648],
        [0.6745098 ],
        [0.99607843],
        [0.76862746],
        [0.05490196],
        [0.        ],
        [0.        ],
        [0.        ],
        [0.        ],
        [0.        ]],

       [[0.        ],
        [0.        ],
        [0.        ],
        [0.        ],
        [0.        ],
        [0.        ],
        [0.        ],
        [0.        ],
        [0.        ],
        [0.        ],
        [0.        ],
        [0.7921569 ],
        [0.68235296],
        [0.        ],
        [0.        ],
        [0.        ],
        [0.23137255],
        [0.972549  ],
        [1.        ],
        [0.8862745 ],
        [0.49019608],
        [0.01568628],
        [0.        ],
        [0.        ],
        [0.        ],
        [0.        ],
        [0.        ],
        [0.        ]],

       [[0.        ],
        [0.        ],
        [0.        ],
        [0.        ],
        [0.        ],
        [0.        ],
        [0.        ],
        [0.        ],
        [0.        ],
        [0.        ],
        [0.        ],
        [0.8392157 ],
        [0.63529414],
        [0.        ],
        [0.        ],
        [0.        ],
        [0.08235294],
        [0.4509804 ],
        [0.2       ],
        [0.00392157],
        [0.        ],
        [0.        ],
        [0.        ],
        [0.        ],
        [0.        ],
        [0.        ],
        [0.        ],
        [0.        ]],

       [[0.        ],
        [0.        ],
        [0.        ],
        [0.        ],
        [0.        ],
        [0.        ],
        [0.        ],
        [0.        ],
        [0.        ],
        [0.        ],
        [0.        ],
        [0.8901961 ],
        [0.58431375],
        [0.        ],
        [0.        ],
        [0.        ],
        [0.        ],
        [0.        ],
        [0.        ],
        [0.        ],
        [0.        ],
        [0.        ],
        [0.        ],
        [0.        ],
        [0.        ],
        [0.        ],
        [0.        ],
        [0.        ]],

       [[0.        ],
        [0.        ],
        [0.        ],
        [0.        ],
        [0.        ],
        [0.        ],
        [0.        ],
        [0.        ],
        [0.        ],
        [0.        ],
        [0.        ],
        [0.9372549 ],
        [0.53333336],
        [0.        ],
        [0.        ],
        [0.        ],
        [0.        ],
        [0.        ],
        [0.        ],
        [0.        ],
        [0.        ],
        [0.        ],
        [0.        ],
        [0.        ],
        [0.        ],
        [0.        ],
        [0.        ],
        [0.        ]],

       [[0.        ],
        [0.        ],
        [0.        ],
        [0.        ],
        [0.        ],
        [0.        ],
        [0.        ],
        [0.        ],
        [0.        ],
        [0.        ],
        [0.        ],
        [0.972549  ],
        [0.48235294],
        [0.        ],
        [0.        ],
        [0.        ],
        [0.        ],
        [0.        ],
        [0.        ],
        [0.        ],
        [0.        ],
        [0.        ],
        [0.        ],
        [0.        ],
        [0.        ],
        [0.        ],
        [0.        ],
        [0.        ]],

       [[0.        ],
        [0.        ],
        [0.        ],
        [0.        ],
        [0.        ],
        [0.        ],
        [0.        ],
        [0.        ],
        [0.        ],
        [0.        ],
        [0.        ],
        [0.34117648],
        [0.10980392],
        [0.        ],
        [0.        ],
        [0.        ],
        [0.        ],
        [0.        ],
        [0.        ],
        [0.        ],
        [0.        ],
        [0.        ],
        [0.        ],
        [0.        ],
        [0.        ],
        [0.        ],
        [0.        ],
        [0.        ]],

       [[0.        ],
        [0.        ],
        [0.        ],
        [0.        ],
        [0.        ],
        [0.        ],
        [0.        ],
        [0.        ],
        [0.        ],
        [0.        ],
        [0.        ],
        [0.        ],
        [0.        ],
        [0.        ],
        [0.        ],
        [0.        ],
        [0.        ],
        [0.        ],
        [0.        ],
        [0.        ],
        [0.        ],
        [0.        ],
        [0.        ],
        [0.        ],
        [0.        ],
        [0.        ],
        [0.        ],
        [0.        ]]], dtype=float32)

array([[[0.        ],
        [0.        ],
        [0.        ],
        [0.        ],
        [0.        ],
        [0.        ],
        [0.        ],
        [0.        ],
        [0.        ],
        [0.        ],
        [0.        ],
        [0.        ],
        [0.        ],
        [0.        ],
        [0.        ],
        [0.        ],
        [0.        ],
        [0.        ],
        [0.        ],
        [0.        ],
        [0.        ],
        [0.        ],
        [0.        ],
        [0.        ],
        [0.        ],
        [0.        ],
        [0.        ],
        [0.        ]],

       [[0.        ],
        [0.        ],
        [0.        ],
        [0.        ],
        [0.        ],
        [0.        ],
        [0.        ],
        [0.        ],
        [0.        ],
        [0.        ],
        [0.        ],
        [0.        ],
        [0.        ],
        [0.        ],
        [0.        ],
        [0.        ],
        [0.        ],
        [0.        ],
        [0.        ],
        [0.        ],
        [0.        ],
        [0.        ],
        [0.        ],
        [0.        ],
        [0.        ],
        [0.        ],
        [0.        ],
        [0.        ]],

       [[0.        ],
        [0.        ],
        [0.        ],
        [0.        ],
        [0.        ],
        [0.        ],
        [0.        ],
        [0.        ],
        [0.        ],
        [0.        ],
        [0.        ],
        [0.        ],
        [0.        ],
        [0.        ],
        [0.        ],
        [0.        ],
        [0.        ],
        [0.        ],
        [0.        ],
        [0.        ],
        [0.        ],
        [0.        ],
        [0.        ],
        [0.        ],
        [0.        ],
        [0.        ],
        [0.        ],
        [0.        ]],

       [[0.        ],
        [0.        ],
        [0.        ],
        [0.        ],
        [0.        ],
        [0.        ],
        [0.        ],
        [0.        ],
        [0.        ],
        [0.        ],
        [0.        ],
        [0.        ],
        [0.        ],
        [0.        ],
        [0.        ],
        [0.        ],
        [0.        ],
        [0.        ],
        [0.        ],
        [0.        ],
        [0.        ],
        [0.        ],
        [0.        ],
        [0.        ],
        [0.        ],
        [0.        ],
        [0.        ],
        [0.        ]],

       [[0.        ],
        [0.        ],
        [0.        ],
        [0.        ],
        [0.        ],
        [0.        ],
        [0.        ],
        [0.        ],
        [0.        ],
        [0.        ],
        [0.        ],
        [0.        ],
        [0.        ],
        [0.        ],
        [0.        ],
        [0.        ],
        [0.        ],
        [0.        ],
        [0.        ],
        [0.        ],
        [0.        ],
        [0.        ],
        [0.        ],
        [0.        ],
        [0.        ],
        [0.        ],
        [0.        ],
        [0.        ]],

       [[0.        ],
        [0.        ],
        [0.        ],
        [0.        ],
        [0.        ],
        [0.        ],
        [0.        ],
        [0.        ],
        [0.        ],
        [0.        ],
        [0.        ],
        [0.        ],
        [0.        ],
        [0.        ],
        [0.01960784],
        [0.34117648],
        [0.53333336],
        [0.5254902 ],
        [0.25882354],
        [0.00784314],
        [0.        ],
        [0.        ],
        [0.        ],
        [0.        ],
        [0.        ],
        [0.        ],
        [0.        ],
        [0.        ]],

       [[0.        ],
        [0.        ],
        [0.        ],
        [0.        ],
        [0.        ],
        [0.        ],
        [0.        ],
        [0.        ],
        [0.        ],
        [0.        ],
        [0.        ],
        [0.        ],
        [0.        ],
        [0.14901961],
        [0.84705883],
        [1.        ],
        [0.94509804],
        [0.9607843 ],
        [1.        ],
        [0.88235295],
        [0.4117647 ],
        [0.        ],
        [0.        ],
        [0.        ],
        [0.        ],
        [0.        ],
        [0.        ],
        [0.        ]],

       [[0.        ],
        [0.        ],
        [0.        ],
        [0.        ],
        [0.        ],
        [0.        ],
        [0.        ],
        [0.        ],
        [0.        ],
        [0.        ],
        [0.        ],
        [0.        ],
        [0.7607843 ],
        [0.98039216],
        [0.8980392 ],
        [0.27058825],
        [0.        ],
        [0.02352941],
        [0.30980393],
        [0.72156864],
        [1.        ],
        [0.6392157 ],
        [0.46666667],
        [0.44705883],
        [0.11372549],
        [0.        ],
        [0.        ],
        [0.        ]],

       [[0.        ],
        [0.        ],
        [0.        ],
        [0.        ],
        [0.        ],
        [0.        ],
        [0.        ],
        [0.        ],
        [0.        ],
        [0.        ],
        [0.01176471],
        [0.7372549 ],
        [1.        ],
        [0.972549  ],
        [0.10980392],
        [0.        ],
        [0.        ],
        [0.        ],
        [0.        ],
        [0.00392157],
        [0.59607846],
        [1.        ],
        [1.        ],
        [1.        ],
        [0.93333334],
        [0.29803923],
        [0.        ],
        [0.        ]],

       [[0.        ],
        [0.        ],
        [0.        ],
        [0.        ],
        [0.        ],
        [0.        ],
        [0.        ],
        [0.        ],
        [0.        ],
        [0.        ],
        [0.49019608],
        [1.        ],
        [0.9882353 ],
        [0.07058824],
        [0.        ],
        [0.        ],
        [0.        ],
        [0.        ],
        [0.        ],
        [0.        ],
        [0.00392157],
        [0.8       ],
        [0.7529412 ],
        [0.11372549],
        [0.78431374],
        [0.94509804],
        [0.05882353],
        [0.        ]],

       [[0.        ],
        [0.        ],
        [0.        ],
        [0.        ],
        [0.        ],
        [0.        ],
        [0.        ],
        [0.        ],
        [0.        ],
        [0.2       ],
        [0.9843137 ],
        [0.9137255 ],
        [0.75686276],
        [0.        ],
        [0.        ],
        [0.        ],
        [0.        ],
        [0.        ],
        [0.        ],
        [0.        ],
        [0.        ],
        [0.5882353 ],
        [0.8901961 ],
        [0.        ],
        [0.16078432],
        [1.        ],
        [0.4117647 ],
        [0.        ]],

       [[0.        ],
        [0.        ],
        [0.        ],
        [0.        ],
        [0.        ],
        [0.        ],
        [0.        ],
        [0.        ],
        [0.        ],
        [0.6       ],
        [0.9372549 ],
        [0.9882353 ],
        [0.47843137],
        [0.        ],
        [0.        ],
        [0.        ],
        [0.        ],
        [0.        ],
        [0.        ],
        [0.        ],
        [0.        ],
        [0.58431375],
        [0.8901961 ],
        [0.        ],
        [0.01960784],
        [0.99607843],
        [0.47843137],
        [0.        ]],

       [[0.        ],
        [0.        ],
        [0.        ],
        [0.        ],
        [0.        ],
        [0.        ],
        [0.        ],
        [0.        ],
        [0.01960784],
        [0.9254902 ],
        [0.6666667 ],
        [1.        ],
        [0.34509805],
        [0.        ],
        [0.        ],
        [0.        ],
        [0.        ],
        [0.        ],
        [0.        ],
        [0.        ],
        [0.        ],
        [0.58431375],
        [0.8901961 ],
        [0.        ],
        [0.3882353 ],
        [1.        ],
        [0.2509804 ],
        [0.        ]],

       [[0.        ],
        [0.        ],
        [0.        ],
        [0.        ],
        [0.        ],
        [0.        ],
        [0.        ],
        [0.        ],
        [0.28627452],
        [1.        ],
        [0.36862746],
        [1.        ],
        [0.42745098],
        [0.        ],
        [0.        ],
        [0.        ],
        [0.        ],
        [0.        ],
        [0.        ],
        [0.        ],
        [0.        ],
        [0.58431375],
        [0.8901961 ],
        [0.01960784],
        [0.8666667 ],
        [0.76862746],
        [0.        ],
        [0.        ]],

       [[0.        ],
        [0.        ],
        [0.        ],
        [0.        ],
        [0.        ],
        [0.        ],
        [0.        ],
        [0.        ],
        [0.7647059 ],
        [0.95686275],
        [0.3372549 ],
        [0.79607844],
        [0.87058824],
        [0.01960784],
        [0.        ],
        [0.        ],
        [0.        ],
        [0.        ],
        [0.        ],
        [0.        ],
        [0.        ],
        [0.58431375],
        [0.8901961 ],
        [0.33333334],
        [1.        ],
        [0.25882354],
        [0.        ],
        [0.        ]],

       [[0.        ],
        [0.        ],
        [0.        ],
        [0.        ],
        [0.        ],
        [0.        ],
        [0.        ],
        [0.        ],
        [0.92941177],
        [1.        ],
        [1.        ],
        [1.        ],
        [1.        ],
        [0.50980395],
        [0.19607843],
        [0.05882353],
        [0.        ],
        [0.        ],
        [0.        ],
        [0.        ],
        [0.        ],
        [0.77254903],
        [0.78431374],
        [0.5921569 ],
        [0.92156863],
        [0.00392157],
        [0.        ],
        [0.        ]],

       [[0.        ],
        [0.        ],
        [0.        ],
        [0.        ],
        [0.        ],
        [0.        ],
        [0.        ],
        [0.        ],
        [0.        ],
        [0.03137255],
        [0.16078432],
        [0.3764706 ],
        [0.96862745],
        [1.        ],
        [1.        ],
        [1.        ],
        [0.8509804 ],
        [0.49803922],
        [0.14509805],
        [0.15294118],
        [0.52156866],
        [1.        ],
        [0.41960785],
        [0.8235294 ],
        [0.6901961 ],
        [0.        ],
        [0.        ],
        [0.        ]],

       [[0.        ],
        [0.        ],
        [0.        ],
        [0.        ],
        [0.05882353],
        [0.15686275],
        [0.23921569],
        [0.33333334],
        [0.42745098],
        [0.4509804 ],
        [0.29411766],
        [0.10980392],
        [0.12941177],
        [0.2901961 ],
        [0.29411766],
        [0.43137255],
        [0.7058824 ],
        [0.9843137 ],
        [1.        ],
        [1.        ],
        [1.        ],
        [0.57254905],
        [0.08235294],
        [0.99215686],
        [0.46666667],
        [0.        ],
        [0.        ],
        [0.        ]],

       [[0.        ],
        [0.2784314 ],
        [0.8745098 ],
        [0.96862745],
        [1.        ],
        [1.        ],
        [1.        ],
        [1.        ],
        [1.        ],
        [1.        ],
        [1.        ],
        [1.        ],
        [0.8745098 ],
        [0.3254902 ],
        [0.        ],
        [0.        ],
        [0.        ],
        [0.09411765],
        [0.3764706 ],
        [0.3372549 ],
        [0.20784314],
        [0.        ],
        [0.49803922],
        [0.9882353 ],
        [0.14509805],
        [0.        ],
        [0.        ],
        [0.        ]],

       [[0.        ],
        [0.16862746],
        [0.5882353 ],
        [0.5058824 ],
        [0.42352942],
        [0.3254902 ],
        [0.23529412],
        [0.15294118],
        [0.05098039],
        [0.03137255],
        [0.2       ],
        [0.3882353 ],
        [0.7764706 ],
        [1.        ],
        [0.7019608 ],
        [0.14901961],
        [0.01176471],
        [0.        ],
        [0.        ],
        [0.        ],
        [0.        ],
        [0.05098039],
        [0.92941177],
        [0.654902  ],
        [0.        ],
        [0.        ],
        [0.        ],
        [0.        ]],

       [[0.        ],
        [0.        ],
        [0.        ],
        [0.        ],
        [0.        ],
        [0.        ],
        [0.        ],
        [0.        ],
        [0.        ],
        [0.        ],
        [0.        ],
        [0.        ],
        [0.00784314],
        [0.4117647 ],
        [0.9411765 ],
        [1.        ],
        [1.        ],
        [0.9254902 ],
        [0.84705883],
        [0.77254903],
        [0.49411765],
        [0.5686275 ],
        [0.99215686],
        [0.1764706 ],
        [0.        ],
        [0.        ],
        [0.        ],
        [0.        ]],

       [[0.        ],
        [0.        ],
        [0.        ],
        [0.        ],
        [0.        ],
        [0.        ],
        [0.        ],
        [0.        ],
        [0.        ],
        [0.        ],
        [0.        ],
        [0.        ],
        [0.        ],
        [0.        ],
        [0.09411765],
        [0.3882353 ],
        [0.47058824],
        [0.54901963],
        [0.627451  ],
        [0.73333335],
        [0.99607843],
        [1.        ],
        [0.54509807],
        [0.        ],
        [0.        ],
        [0.        ],
        [0.        ],
        [0.        ]],

       [[0.        ],
        [0.        ],
        [0.        ],
        [0.        ],
        [0.        ],
        [0.        ],
        [0.        ],
        [0.        ],
        [0.        ],
        [0.        ],
        [0.        ],
        [0.        ],
        [0.        ],
        [0.        ],
        [0.        ],
        [0.        ],
        [0.        ],
        [0.        ],
        [0.        ],
        [0.        ],
        [0.25882354],
        [0.5529412 ],
        [0.01960784],
        [0.        ],
        [0.        ],
        [0.        ],
        [0.        ],
        [0.        ]],

       [[0.        ],
        [0.        ],
        [0.        ],
        [0.        ],
        [0.        ],
        [0.        ],
        [0.        ],
        [0.        ],
        [0.        ],
        [0.        ],
        [0.        ],
        [0.        ],
        [0.        ],
        [0.        ],
        [0.        ],
        [0.        ],
        [0.        ],
        [0.        ],
        [0.        ],
        [0.        ],
        [0.        ],
        [0.        ],
        [0.        ],
        [0.        ],
        [0.        ],
        [0.        ],
        [0.        ],
        [0.        ]],

       [[0.        ],
        [0.        ],
        [0.        ],
        [0.        ],
        [0.        ],
        [0.        ],
        [0.        ],
        [0.        ],
        [0.        ],
        [0.        ],
        [0.        ],
        [0.        ],
        [0.        ],
        [0.        ],
        [0.        ],
        [0.        ],
        [0.        ],
        [0.        ],
        [0.        ],
        [0.        ],
        [0.        ],
        [0.        ],
        [0.        ],
        [0.        ],
        [0.        ],
        [0.        ],
        [0.        ],
        [0.        ]],

       [[0.        ],
        [0.        ],
        [0.        ],
        [0.        ],
        [0.        ],
        [0.        ],
        [0.        ],
        [0.        ],
        [0.        ],
        [0.        ],
        [0.        ],
        [0.        ],
        [0.        ],
        [0.        ],
        [0.        ],
        [0.        ],
        [0.        ],
        [0.        ],
        [0.        ],
        [0.        ],
        [0.        ],
        [0.        ],
        [0.        ],
        [0.        ],
        [0.        ],
        [0.        ],
        [0.        ],
        [0.        ]],

       [[0.        ],
        [0.        ],
        [0.        ],
        [0.        ],
        [0.        ],
        [0.        ],
        [0.        ],
        [0.        ],
        [0.        ],
        [0.        ],
        [0.        ],
        [0.        ],
        [0.        ],
        [0.        ],
        [0.        ],
        [0.        ],
        [0.        ],
        [0.        ],
        [0.        ],
        [0.        ],
        [0.        ],
        [0.        ],
        [0.        ],
        [0.        ],
        [0.        ],
        [0.        ],
        [0.        ],
        [0.        ]],

       [[0.        ],
        [0.        ],
        [0.        ],
        [0.        ],
        [0.        ],
        [0.        ],
        [0.        ],
        [0.        ],
        [0.        ],
        [0.        ],
        [0.        ],
        [0.        ],
        [0.        ],
        [0.        ],
        [0.        ],
        [0.        ],
        [0.        ],
        [0.        ],
        [0.        ],
        [0.        ],
        [0.        ],
        [0.        ],
        [0.        ],
        [0.        ],
        [0.        ],
        [0.        ],
        [0.        ],
        [0.        ]]], dtype=float32)

array([[[0.        ],
        [0.        ],
        [0.        ],
        [0.        ],
        [0.        ],
        [0.        ],
        [0.        ],
        [0.        ],
        [0.        ],
        [0.        ],
        [0.        ],
        [0.        ],
        [0.        ],
        [0.        ],
        [0.        ],
        [0.        ],
        [0.        ],
        [0.        ],
        [0.        ],
        [0.        ],
        [0.        ],
        [0.        ],
        [0.        ],
        [0.        ],
        [0.        ],
        [0.        ],
        [0.        ],
        [0.        ]],

       [[0.        ],
        [0.        ],
        [0.        ],
        [0.        ],
        [0.        ],
        [0.        ],
        [0.        ],
        [0.        ],
        [0.        ],
        [0.        ],
        [0.        ],
        [0.        ],
        [0.        ],
        [0.        ],
        [0.        ],
        [0.        ],
        [0.        ],
        [0.        ],
        [0.        ],
        [0.        ],
        [0.        ],
        [0.        ],
        [0.        ],
        [0.        ],
        [0.        ],
        [0.        ],
        [0.        ],
        [0.        ]],

       [[0.        ],
        [0.        ],
        [0.        ],
        [0.        ],
        [0.        ],
        [0.        ],
        [0.        ],
        [0.        ],
        [0.        ],
        [0.        ],
        [0.        ],
        [0.        ],
        [0.        ],
        [0.        ],
        [0.        ],
        [0.        ],
        [0.        ],
        [0.        ],
        [0.        ],
        [0.        ],
        [0.        ],
        [0.        ],
        [0.        ],
        [0.        ],
        [0.        ],
        [0.        ],
        [0.        ],
        [0.        ]],

       [[0.        ],
        [0.        ],
        [0.        ],
        [0.        ],
        [0.        ],
        [0.        ],
        [0.        ],
        [0.        ],
        [0.        ],
        [0.        ],
        [0.        ],
        [0.        ],
        [0.        ],
        [0.        ],
        [0.        ],
        [0.        ],
        [0.        ],
        [0.        ],
        [0.        ],
        [0.        ],
        [0.        ],
        [0.        ],
        [0.        ],
        [0.        ],
        [0.        ],
        [0.        ],
        [0.        ],
        [0.        ]],

       [[0.        ],
        [0.        ],
        [0.        ],
        [0.        ],
        [0.        ],
        [0.        ],
        [0.        ],
        [0.        ],
        [0.        ],
        [0.        ],
        [0.        ],
        [0.        ],
        [0.01176471],
        [0.40392157],
        [0.69411767],
        [0.83137256],
        [0.96862745],
        [0.9137255 ],
        [0.8117647 ],
        [0.6509804 ],
        [0.20784314],
        [0.        ],
        [0.        ],
        [0.        ],
        [0.        ],
        [0.        ],
        [0.        ],
        [0.        ]],

       [[0.        ],
        [0.1882353 ],
        [0.69411767],
        [0.01960784],
        [0.        ],
        [0.        ],
        [0.        ],
        [0.        ],
        [0.        ],
        [0.        ],
        [0.        ],
        [0.22745098],
        [0.80784315],
        [1.        ],
        [0.8156863 ],
        [0.654902  ],
        [0.5254902 ],
        [0.5686275 ],
        [0.6784314 ],
        [0.9098039 ],
        [1.        ],
        [0.60784316],
        [0.03529412],
        [0.        ],
        [0.        ],
        [0.        ],
        [0.        ],
        [0.        ]],

       [[0.        ],
        [0.41960785],
        [1.        ],
        [0.05490196],
        [0.        ],
        [0.        ],
        [0.        ],
        [0.        ],
        [0.        ],
        [0.        ],
        [0.43137255],
        [0.99607843],
        [0.8666667 ],
        [0.3019608 ],
        [0.        ],
        [0.        ],
        [0.        ],
        [0.        ],
        [0.        ],
        [0.03921569],
        [0.5019608 ],
        [0.9882353 ],
        [0.8117647 ],
        [0.13725491],
        [0.        ],
        [0.        ],
        [0.        ],
        [0.        ]],

       [[0.        ],
        [0.45490196],
        [1.        ],
        [0.21960784],
        [0.        ],
        [0.        ],
        [0.        ],
        [0.        ],
        [0.        ],
        [0.26666668],
        [0.9843137 ],
        [0.654902  ],
        [0.03137255],
        [0.        ],
        [0.        ],
        [0.        ],
        [0.        ],
        [0.        ],
        [0.        ],
        [0.        ],
        [0.        ],
        [0.2627451 ],
        [0.9137255 ],
        [0.90588236],
        [0.08235294],
        [0.        ],
        [0.        ],
        [0.        ]],

       [[0.        ],
        [0.27058825],
        [1.        ],
        [0.8862745 ],
        [0.08235294],
        [0.        ],
        [0.        ],
        [0.        ],
        [0.12941177],
        [0.9254902 ],
        [0.8       ],
        [0.03529412],
        [0.        ],
        [0.        ],
        [0.        ],
        [0.        ],
        [0.        ],
        [0.        ],
        [0.        ],
        [0.        ],
        [0.24705882],
        [0.45882353],
        [0.29411766],
        [0.95686275],
        [0.6862745 ],
        [0.        ],
        [0.        ],
        [0.        ]],

       [[0.        ],
        [0.03529412],
        [0.972549  ],
        [1.        ],
        [0.74509805],
        [0.02745098],
        [0.        ],
        [0.02352941],
        [0.8156863 ],
        [0.9137255 ],
        [0.11764706],
        [0.        ],
        [0.        ],
        [0.        ],
        [0.        ],
        [0.        ],
        [0.        ],
        [0.        ],
        [0.        ],
        [0.06666667],
        [0.6509804 ],
        [1.        ],
        [0.99215686],
        [0.5647059 ],
        [1.        ],
        [0.36078432],
        [0.        ],
        [0.        ]],

       [[0.        ],
        [0.        ],
        [0.7490196 ],
        [0.972549  ],
        [0.9882353 ],
        [0.69803923],
        [0.02352941],
        [0.32941177],
        [1.        ],
        [0.2901961 ],
        [0.        ],
        [0.        ],
        [0.        ],
        [0.        ],
        [0.        ],
        [0.        ],
        [0.        ],
        [0.        ],
        [0.        ],
        [0.7137255 ],
        [0.72156864],
        [0.84313726],
        [1.        ],
        [0.5882353 ],
        [0.77254903],
        [0.8352941 ],
        [0.00392157],
        [0.        ]],

       [[0.        ],
        [0.        ],
        [0.49411765],
        [0.9843137 ],
        [0.40392157],
        [0.99215686],
        [0.6862745 ],
        [0.72156864],
        [0.8666667 ],
        [0.00392157],
        [0.        ],
        [0.        ],
        [0.        ],
        [0.        ],
        [0.        ],
        [0.        ],
        [0.        ],
        [0.        ],
        [0.        ],
        [0.11764706],
        [0.7372549 ],
        [1.        ],
        [1.        ],
        [0.8156863 ],
        [0.38039216],
        [1.        ],
        [0.12941177],
        [0.        ]],

       [[0.        ],
        [0.        ],
        [0.3137255 ],
        [1.        ],
        [0.1764706 ],
        [0.38039216],
        [0.99215686],
        [1.        ],
        [0.49411765],
        [0.        ],
        [0.        ],
        [0.        ],
        [0.        ],
        [0.        ],
        [0.        ],
        [0.        ],
        [0.        ],
        [0.        ],
        [0.        ],
        [0.        ],
        [0.7921569 ],
        [1.        ],
        [0.81960785],
        [0.12941177],
        [0.25490198],
        [1.        ],
        [0.22352941],
        [0.        ]],

       [[0.        ],
        [0.        ],
        [0.15294118],
        [1.        ],
        [0.3372549 ],
        [0.        ],
        [0.6       ],
        [1.        ],
        [0.6627451 ],
        [0.01176471],
        [0.        ],
        [0.        ],
        [0.        ],
        [0.        ],
        [0.        ],
        [0.        ],
        [0.        ],
        [0.        ],
        [0.        ],
        [0.        ],
        [0.04705882],
        [0.13333334],
        [0.03529412],
        [0.        ],
        [0.16470589],
        [1.        ],
        [0.31764707],
        [0.        ]],

       [[0.        ],
        [0.        ],
        [0.01568628],
        [0.9764706 ],
        [0.49411765],
        [0.        ],
        [0.83137256],
        [0.9019608 ],
        [0.99607843],
        [0.6431373 ],
        [0.01960784],
        [0.        ],
        [0.        ],
        [0.        ],
        [0.        ],
        [0.        ],
        [0.        ],
        [0.        ],
        [0.        ],
        [0.        ],
        [0.        ],
        [0.        ],
        [0.        ],
        [0.        ],
        [0.07450981],
        [1.        ],
        [0.40784314],
        [0.        ]],

       [[0.        ],
        [0.        ],
        [0.        ],
        [0.8352941 ],
        [0.6509804 ],
        [0.12156863],
        [1.        ],
        [0.39607844],
        [0.43137255],
        [0.99607843],
        [0.7490196 ],
        [0.07843138],
        [0.        ],
        [0.        ],
        [0.        ],
        [0.        ],
        [0.        ],
        [0.        ],
        [0.        ],
        [0.        ],
        [0.        ],
        [0.        ],
        [0.        ],
        [0.        ],
        [0.14117648],
        [1.        ],
        [0.4117647 ],
        [0.        ]],

       [[0.        ],
        [0.        ],
        [0.        ],
        [0.6784314 ],
        [0.8117647 ],
        [0.30980393],
        [1.        ],
        [0.1882353 ],
        [0.        ],
        [0.3254902 ],
        [0.95686275],
        [0.87058824],
        [0.1764706 ],
        [0.        ],
        [0.        ],
        [0.        ],
        [0.        ],
        [0.        ],
        [0.        ],
        [0.        ],
        [0.        ],
        [0.        ],
        [0.        ],
        [0.00392157],
        [0.6745098 ],
        [0.9647059 ],
        [0.07843138],
        [0.        ]],

       [[0.        ],
        [0.        ],
        [0.        ],
        [0.52156866],
        [0.9607843 ],
        [0.5058824 ],
        [0.9764706 ],
        [0.02352941],
        [0.        ],
        [0.        ],
        [0.18431373],
        [0.8784314 ],
        [0.9490196 ],
        [0.3529412 ],
        [0.        ],
        [0.        ],
        [0.        ],
        [0.        ],
        [0.        ],
        [0.        ],
        [0.        ],
        [0.        ],
        [0.05882353],
        [0.6313726 ],
        [1.        ],
        [0.41568628],
        [0.        ],
        [0.        ]],

       [[0.        ],
        [0.        ],
        [0.        ],
        [0.36078432],
        [1.        ],
        [0.8039216 ],
        [0.8117647 ],
        [0.        ],
        [0.        ],
        [0.        ],
        [0.        ],
        [0.08627451],
        [0.7529412 ],
        [1.        ],
        [0.7490196 ],
        [0.1764706 ],
        [0.        ],
        [0.        ],
        [0.        ],
        [0.        ],
        [0.05882353],
        [0.31764707],
        [0.8862745 ],
        [0.9764706 ],
        [0.46666667],
        [0.        ],
        [0.        ],
        [0.        ]],

       [[0.        ],
        [0.        ],
        [0.        ],
        [0.20392157],
        [1.        ],
        [0.9882353 ],
        [0.7176471 ],
        [0.        ],
        [0.        ],
        [0.        ],
        [0.        ],
        [0.        ],
        [0.00392157],
        [0.37254903],
        [0.90588236],
        [0.9882353 ],
        [0.9019608 ],
        [0.81960785],
        [0.7411765 ],
        [0.87058824],
        [1.        ],
        [1.        ],
        [0.80784315],
        [0.18431373],
        [0.        ],
        [0.        ],
        [0.        ],
        [0.        ]],

       [[0.        ],
        [0.        ],
        [0.        ],
        [0.04705882],
        [0.99215686],
        [1.        ],
        [0.65882355],
        [0.        ],
        [0.        ],
        [0.        ],
        [0.        ],
        [0.        ],
        [0.        ],
        [0.        ],
        [0.05490196],
        [0.44705883],
        [0.5764706 ],
        [0.6666667 ],
        [0.73333335],
        [0.627451  ],
        [0.44705883],
        [0.2627451 ],
        [0.01960784],
        [0.        ],
        [0.        ],
        [0.        ],
        [0.        ],
        [0.        ]],

       [[0.        ],
        [0.        ],
        [0.        ],
        [0.        ],
        [0.81960785],
        [1.        ],
        [0.59607846],
        [0.        ],
        [0.        ],
        [0.        ],
        [0.        ],
        [0.        ],
        [0.        ],
        [0.        ],
        [0.        ],
        [0.        ],
        [0.        ],
        [0.        ],
        [0.        ],
        [0.        ],
        [0.        ],
        [0.        ],
        [0.        ],
        [0.        ],
        [0.        ],
        [0.        ],
        [0.        ],
        [0.        ]],

       [[0.        ],
        [0.        ],
        [0.        ],
        [0.        ],
        [0.5254902 ],
        [1.        ],
        [0.5372549 ],
        [0.        ],
        [0.        ],
        [0.        ],
        [0.        ],
        [0.        ],
        [0.        ],
        [0.        ],
        [0.        ],
        [0.        ],
        [0.        ],
        [0.        ],
        [0.        ],
        [0.        ],
        [0.        ],
        [0.        ],
        [0.        ],
        [0.        ],
        [0.        ],
        [0.        ],
        [0.        ],
        [0.        ]],

       [[0.        ],
        [0.        ],
        [0.        ],
        [0.        ],
        [0.06666667],
        [0.8509804 ],
        [0.36862746],
        [0.        ],
        [0.        ],
        [0.        ],
        [0.        ],
        [0.        ],
        [0.        ],
        [0.        ],
        [0.        ],
        [0.        ],
        [0.        ],
        [0.        ],
        [0.        ],
        [0.        ],
        [0.        ],
        [0.        ],
        [0.        ],
        [0.        ],
        [0.        ],
        [0.        ],
        [0.        ],
        [0.        ]],

       [[0.        ],
        [0.        ],
        [0.        ],
        [0.        ],
        [0.        ],
        [0.        ],
        [0.        ],
        [0.        ],
        [0.        ],
        [0.        ],
        [0.        ],
        [0.        ],
        [0.        ],
        [0.        ],
        [0.        ],
        [0.        ],
        [0.        ],
        [0.        ],
        [0.        ],
        [0.        ],
        [0.        ],
        [0.        ],
        [0.        ],
        [0.        ],
        [0.        ],
        [0.        ],
        [0.        ],
        [0.        ]],

       [[0.        ],
        [0.        ],
        [0.        ],
        [0.        ],
        [0.        ],
        [0.        ],
        [0.        ],
        [0.        ],
        [0.        ],
        [0.        ],
        [0.        ],
        [0.        ],
        [0.        ],
        [0.        ],
        [0.        ],
        [0.        ],
        [0.        ],
        [0.        ],
        [0.        ],
        [0.        ],
        [0.        ],
        [0.        ],
        [0.        ],
        [0.        ],
        [0.        ],
        [0.        ],
        [0.        ],
        [0.        ]],

       [[0.        ],
        [0.        ],
        [0.        ],
        [0.        ],
        [0.        ],
        [0.        ],
        [0.        ],
        [0.        ],
        [0.        ],
        [0.        ],
        [0.        ],
        [0.        ],
        [0.        ],
        [0.        ],
        [0.        ],
        [0.        ],
        [0.        ],
        [0.        ],
        [0.        ],
        [0.        ],
        [0.        ],
        [0.        ],
        [0.        ],
        [0.        ],
        [0.        ],
        [0.        ],
        [0.        ],
        [0.        ]],

       [[0.        ],
        [0.        ],
        [0.        ],
        [0.        ],
        [0.        ],
        [0.        ],
        [0.        ],
        [0.        ],
        [0.        ],
        [0.        ],
        [0.        ],
        [0.        ],
        [0.        ],
        [0.        ],
        [0.        ],
        [0.        ],
        [0.        ],
        [0.        ],
        [0.        ],
        [0.        ],
        [0.        ],
        [0.        ],
        [0.        ],
        [0.        ],
        [0.        ],
        [0.        ],
        [0.        ],
        [0.        ]]], dtype=float32)

array([[[0.        ],
        [0.        ],
        [0.        ],
        [0.        ],
        [0.        ],
        [0.        ],
        [0.        ],
        [0.        ],
        [0.        ],
        [0.        ],
        [0.        ],
        [0.        ],
        [0.        ],
        [0.        ],
        [0.        ],
        [0.        ],
        [0.        ],
        [0.        ],
        [0.        ],
        [0.        ],
        [0.        ],
        [0.        ],
        [0.        ],
        [0.        ],
        [0.        ],
        [0.        ],
        [0.        ],
        [0.        ]],

       [[0.        ],
        [0.        ],
        [0.        ],
        [0.        ],
        [0.        ],
        [0.        ],
        [0.        ],
        [0.        ],
        [0.        ],
        [0.        ],
        [0.        ],
        [0.        ],
        [0.2       ],
        [0.33333334],
        [0.39607844],
        [0.4509804 ],
        [0.3254902 ],
        [0.01176471],
        [0.        ],
        [0.        ],
        [0.        ],
        [0.        ],
        [0.        ],
        [0.        ],
        [0.        ],
        [0.        ],
        [0.        ],
        [0.        ]],

       [[0.        ],
        [0.        ],
        [0.        ],
        [0.        ],
        [0.        ],
        [0.        ],
        [0.        ],
        [0.        ],
        [0.        ],
        [0.        ],
        [0.16862746],
        [0.79607844],
        [1.        ],
        [1.        ],
        [1.        ],
        [1.        ],
        [1.        ],
        [0.87058824],
        [0.34117648],
        [0.        ],
        [0.        ],
        [0.        ],
        [0.        ],
        [0.        ],
        [0.        ],
        [0.        ],
        [0.        ],
        [0.        ]],

       [[0.        ],
        [0.        ],
        [0.        ],
        [0.        ],
        [0.        ],
        [0.        ],
        [0.        ],
        [0.        ],
        [0.        ],
        [0.23921569],
        [0.9372549 ],
        [0.88235295],
        [0.37254903],
        [0.13333334],
        [0.07843138],
        [0.02745098],
        [0.28235295],
        [0.77254903],
        [0.9843137 ],
        [0.22745098],
        [0.        ],
        [0.        ],
        [0.        ],
        [0.        ],
        [0.        ],
        [0.        ],
        [0.        ],
        [0.        ]],

       [[0.        ],
        [0.        ],
        [0.        ],
        [0.        ],
        [0.        ],
        [0.        ],
        [0.        ],
        [0.        ],
        [0.12156863],
        [0.92156863],
        [0.81960785],
        [0.09803922],
        [0.        ],
        [0.        ],
        [0.        ],
        [0.        ],
        [0.        ],
        [0.04313726],
        [0.84313726],
        [0.88235295],
        [0.07058824],
        [0.        ],
        [0.        ],
        [0.        ],
        [0.        ],
        [0.        ],
        [0.        ],
        [0.        ]],

       [[0.        ],
        [0.        ],
        [0.        ],
        [0.        ],
        [0.        ],
        [0.        ],
        [0.        ],
        [0.03137255],
        [0.79607844],
        [0.9254902 ],
        [0.12156863],
        [0.        ],
        [0.        ],
        [0.        ],
        [0.        ],
        [0.        ],
        [0.        ],
        [0.        ],
        [0.18039216],
        [0.9647059 ],
        [0.61960787],
        [0.        ],
        [0.        ],
        [0.        ],
        [0.        ],
        [0.        ],
        [0.        ],
        [0.        ]],

       [[0.        ],
        [0.        ],
        [0.        ],
        [0.        ],
        [0.        ],
        [0.        ],
        [0.        ],
        [0.6039216 ],
        [0.99215686],
        [0.27450982],
        [0.        ],
        [0.        ],
        [0.        ],
        [0.        ],
        [0.        ],
        [0.        ],
        [0.        ],
        [0.        ],
        [0.        ],
        [0.5294118 ],
        [0.98039216],
        [0.11764706],
        [0.        ],
        [0.        ],
        [0.        ],
        [0.        ],
        [0.        ],
        [0.        ]],

       [[0.        ],
        [0.        ],
        [0.        ],
        [0.        ],
        [0.        ],
        [0.        ],
        [0.3529412 ],
        [1.        ],
        [0.4862745 ],
        [0.        ],
        [0.        ],
        [0.        ],
        [0.        ],
        [0.        ],
        [0.        ],
        [0.        ],
        [0.        ],
        [0.        ],
        [0.        ],
        [0.09411765],
        [0.96862745],
        [0.56078434],
        [0.        ],
        [0.        ],
        [0.        ],
        [0.        ],
        [0.        ],
        [0.        ]],

       [[0.        ],
        [0.        ],
        [0.        ],
        [0.        ],
        [0.        ],
        [0.        ],
        [0.7882353 ],
        [0.7921569 ],
        [0.00392157],
        [0.        ],
        [0.        ],
        [0.        ],
        [0.        ],
        [0.        ],
        [0.        ],
        [0.        ],
        [0.        ],
        [0.        ],
        [0.        ],
        [0.        ],
        [0.654902  ],
        [0.8627451 ],
        [0.        ],
        [0.        ],
        [0.        ],
        [0.        ],
        [0.        ],
        [0.        ]],

       [[0.        ],
        [0.        ],
        [0.        ],
        [0.        ],
        [0.        ],
        [0.14509805],
        [1.        ],
        [0.4117647 ],
        [0.        ],
        [0.        ],
        [0.        ],
        [0.        ],
        [0.        ],
        [0.        ],
        [0.        ],
        [0.        ],
        [0.        ],
        [0.        ],
        [0.        ],
        [0.        ],
        [0.5137255 ],
        [0.96862745],
        [0.00392157],
        [0.        ],
        [0.        ],
        [0.        ],
        [0.        ],
        [0.        ]],

       [[0.        ],
        [0.        ],
        [0.        ],
        [0.        ],
        [0.        ],
        [0.36078432],
        [1.        ],
        [0.13333334],
        [0.        ],
        [0.        ],
        [0.        ],
        [0.        ],
        [0.        ],
        [0.        ],
        [0.        ],
        [0.        ],
        [0.        ],
        [0.        ],
        [0.        ],
        [0.        ],
        [0.40784314],
        [1.        ],
        [0.07843138],
        [0.        ],
        [0.        ],
        [0.        ],
        [0.        ],
        [0.        ]],

       [[0.        ],
        [0.        ],
        [0.        ],
        [0.        ],
        [0.        ],
        [0.3137255 ],
        [1.        ],
        [0.41960785],
        [0.        ],
        [0.        ],
        [0.        ],
        [0.        ],
        [0.        ],
        [0.        ],
        [0.        ],
        [0.        ],
        [0.        ],
        [0.        ],
        [0.        ],
        [0.        ],
        [0.3019608 ],
        [1.        ],
        [0.18431373],
        [0.        ],
        [0.        ],
        [0.        ],
        [0.        ],
        [0.        ]],

       [[0.        ],
        [0.        ],
        [0.        ],
        [0.        ],
        [0.        ],
        [0.25882354],
        [1.        ],
        [0.70980394],
        [0.        ],
        [0.        ],
        [0.        ],
        [0.        ],
        [0.        ],
        [0.        ],
        [0.        ],
        [0.        ],
        [0.        ],
        [0.        ],
        [0.        ],
        [0.        ],
        [0.19607843],
        [1.        ],
        [0.2901961 ],
        [0.        ],
        [0.        ],
        [0.        ],
        [0.        ],
        [0.        ]],

       [[0.        ],
        [0.        ],
        [0.        ],
        [0.        ],
        [0.        ],
        [0.18431373],
        [1.        ],
        [0.8117647 ],
        [0.        ],
        [0.        ],
        [0.        ],
        [0.        ],
        [0.        ],
        [0.        ],
        [0.        ],
        [0.        ],
        [0.        ],
        [0.        ],
        [0.        ],
        [0.        ],
        [0.3764706 ],
        [1.        ],
        [0.3019608 ],
        [0.        ],
        [0.        ],
        [0.        ],
        [0.        ],
        [0.        ]],

       [[0.        ],
        [0.        ],
        [0.        ],
        [0.        ],
        [0.        ],
        [0.        ],
        [0.6509804 ],
        [0.98039216],
        [0.18039216],
        [0.        ],
        [0.        ],
        [0.        ],
        [0.        ],
        [0.        ],
        [0.        ],
        [0.        ],
        [0.        ],
        [0.        ],
        [0.05490196],
        [0.5411765 ],
        [0.9764706 ],
        [0.7176471 ],
        [0.00784314],
        [0.        ],
        [0.        ],
        [0.        ],
        [0.        ],
        [0.        ]],

       [[0.        ],
        [0.        ],
        [0.        ],
        [0.        ],
        [0.        ],
        [0.        ],
        [0.4627451 ],
        [1.        ],
        [0.9254902 ],
        [0.41960785],
        [0.01960784],
        [0.        ],
        [0.        ],
        [0.        ],
        [0.        ],
        [0.        ],
        [0.        ],
        [0.10588235],
        [0.9019608 ],
        [0.9843137 ],
        [0.5803922 ],
        [0.05490196],
        [0.        ],
        [0.        ],
        [0.        ],
        [0.        ],
        [0.        ],
        [0.        ]],

       [[0.        ],
        [0.        ],
        [0.        ],
        [0.        ],
        [0.        ],
        [0.        ],
        [0.36078432],
        [1.        ],
        [0.7921569 ],
        [1.        ],
        [0.8509804 ],
        [0.47843137],
        [0.3254902 ],
        [0.26666668],
        [0.26666668],
        [0.26666668],
        [0.2901961 ],
        [0.63529414],
        [1.        ],
        [0.7921569 ],
        [0.        ],
        [0.        ],
        [0.        ],
        [0.        ],
        [0.        ],
        [0.        ],
        [0.        ],
        [0.        ]],

       [[0.        ],
        [0.        ],
        [0.        ],
        [0.        ],
        [0.        ],
        [0.        ],
        [0.25490198],
        [1.        ],
        [0.23137255],
        [0.2627451 ],
        [0.78039217],
        [0.9882353 ],
        [1.        ],
        [1.        ],
        [1.        ],
        [1.        ],
        [1.        ],
        [1.        ],
        [0.9490196 ],
        [0.13333334],
        [0.        ],
        [0.        ],
        [0.        ],
        [0.        ],
        [0.        ],
        [0.        ],
        [0.        ],
        [0.        ]],

       [[0.        ],
        [0.        ],
        [0.        ],
        [0.        ],
        [0.        ],
        [0.        ],
        [0.14901961],
        [1.        ],
        [0.33333334],
        [0.        ],
        [0.        ],
        [0.02745098],
        [0.16470589],
        [0.2       ],
        [0.29411766],
        [0.7294118 ],
        [1.        ],
        [1.        ],
        [0.7882353 ],
        [0.        ],
        [0.        ],
        [0.        ],
        [0.        ],
        [0.        ],
        [0.        ],
        [0.        ],
        [0.        ],
        [0.        ]],

       [[0.        ],
        [0.        ],
        [0.        ],
        [0.        ],
        [0.        ],
        [0.        ],
        [0.04705882],
        [1.        ],
        [0.4392157 ],
        [0.06666667],
        [0.25882354],
        [0.43529412],
        [0.6156863 ],
        [0.79607844],
        [0.9882353 ],
        [0.9882353 ],
        [0.6       ],
        [0.75686276],
        [0.7882353 ],
        [0.        ],
        [0.        ],
        [0.        ],
        [0.        ],
        [0.        ],
        [0.        ],
        [0.        ],
        [0.        ],
        [0.        ]],

       [[0.        ],
        [0.        ],
        [0.        ],
        [0.        ],
        [0.        ],
        [0.        ],
        [0.        ],
        [0.9411765 ],
        [0.69411767],
        [0.9882353 ],
        [1.        ],
        [1.        ],
        [0.88235295],
        [0.7058824 ],
        [0.47843137],
        [0.12941177],
        [0.        ],
        [0.6862745 ],
        [0.7882353 ],
        [0.        ],
        [0.        ],
        [0.        ],
        [0.        ],
        [0.        ],
        [0.        ],
        [0.        ],
        [0.        ],
        [0.        ]],

       [[0.        ],
        [0.        ],
        [0.        ],
        [0.        ],
        [0.        ],
        [0.        ],
        [0.        ],
        [0.8352941 ],
        [0.6666667 ],
        [0.35686275],
        [0.24313726],
        [0.0627451 ],
        [0.        ],
        [0.        ],
        [0.        ],
        [0.        ],
        [0.        ],
        [0.6862745 ],
        [0.7882353 ],
        [0.        ],
        [0.        ],
        [0.        ],
        [0.        ],
        [0.        ],
        [0.        ],
        [0.        ],
        [0.        ],
        [0.        ]],

       [[0.        ],
        [0.        ],
        [0.        ],
        [0.        ],
        [0.        ],
        [0.        ],
        [0.        ],
        [0.7137255 ],
        [0.83137256],
        [0.        ],
        [0.        ],
        [0.        ],
        [0.        ],
        [0.        ],
        [0.        ],
        [0.        ],
        [0.01568628],
        [0.87058824],
        [0.69803923],
        [0.        ],
        [0.        ],
        [0.        ],
        [0.        ],
        [0.        ],
        [0.        ],
        [0.        ],
        [0.        ],
        [0.        ]],

       [[0.        ],
        [0.        ],
        [0.        ],
        [0.        ],
        [0.        ],
        [0.        ],
        [0.        ],
        [0.34901962],
        [1.        ],
        [0.27058825],
        [0.        ],
        [0.        ],
        [0.        ],
        [0.        ],
        [0.        ],
        [0.        ],
        [0.4       ],
        [1.        ],
        [0.26666668],
        [0.        ],
        [0.        ],
        [0.        ],
        [0.        ],
        [0.        ],
        [0.        ],
        [0.        ],
        [0.        ],
        [0.        ]],

       [[0.        ],
        [0.        ],
        [0.        ],
        [0.        ],
        [0.        ],
        [0.        ],
        [0.        ],
        [0.01568628],
        [0.8745098 ],
        [0.85882354],
        [0.27058825],
        [0.06666667],
        [0.00784314],
        [0.10196079],
        [0.35686275],
        [0.7490196 ],
        [1.        ],
        [0.7607843 ],
        [0.        ],
        [0.        ],
        [0.        ],
        [0.        ],
        [0.        ],
        [0.        ],
        [0.        ],
        [0.        ],
        [0.        ],
        [0.        ]],

       [[0.        ],
        [0.        ],
        [0.        ],
        [0.        ],
        [0.        ],
        [0.        ],
        [0.        ],
        [0.        ],
        [0.22352941],
        [0.84313726],
        [1.        ],
        [1.        ],
        [1.        ],
        [1.        ],
        [1.        ],
        [0.85882354],
        [0.41568628],
        [0.03921569],
        [0.        ],
        [0.        ],
        [0.        ],
        [0.        ],
        [0.        ],
        [0.        ],
        [0.        ],
        [0.        ],
        [0.        ],
        [0.        ]],

       [[0.        ],
        [0.        ],
        [0.        ],
        [0.        ],
        [0.        ],
        [0.        ],
        [0.        ],
        [0.        ],
        [0.        ],
        [0.01960784],
        [0.34117648],
        [0.41568628],
        [0.46666667],
        [0.40784314],
        [0.16862746],
        [0.00392157],
        [0.        ],
        [0.        ],
        [0.        ],
        [0.        ],
        [0.        ],
        [0.        ],
        [0.        ],
        [0.        ],
        [0.        ],
        [0.        ],
        [0.        ],
        [0.        ]],

       [[0.        ],
        [0.        ],
        [0.        ],
        [0.        ],
        [0.        ],
        [0.        ],
        [0.        ],
        [0.        ],
        [0.        ],
        [0.        ],
        [0.        ],
        [0.        ],
        [0.        ],
        [0.        ],
        [0.        ],
        [0.        ],
        [0.        ],
        [0.        ],
        [0.        ],
        [0.        ],
        [0.        ],
        [0.        ],
        [0.        ],
        [0.        ],
        [0.        ],
        [0.        ],
        [0.        ],
        [0.        ]]], dtype=float32)